02-4548,845.21,409230,1429540798
02-7286,407.13,150433,1424934817
02-4244,256.43,546867,1428468991
02-4839,706.89,553521,1445733515
02-9193,921.42,339559,1446871106
02-4946,467.94,339816,1447344477
02-9063,391.07,630201,1438725151
02-9601,462.06,423028,1434322114
02-3500,881.03,517841,1429327169
02-3095,54.02,398009,1444495387
02-3154,557.2,435681,1428089123
02-4489,152.31,173857,1441281084
02-9260,45.77,992252,1444988894
02-3942,769.4,463225,1447101475
02-2591,602.82,877662,1424845284
02-7400,493.55,721445,1430656308
02-1960,813.15,908138,1427297706
02-9461,402.25,290269,1434361063
02-6992,852.81,295560,1441198904
02-8857,741.73,723851,1433575969
02-9312,989.04,620775,1445900024
02-6452,538.7,164038,1445908419
02-4398,375.31,874686,1424299212
02-1789,46.57,967399,1422362928
02-4580,381.72,425754,1425684941
02-2242,630,530157,1444802891
02-7275,456.61,694889,1448253525
02-2561,648.45,805067,1420426042
02-6195,93.59,817255,1429583786
02-3733,660.45,691460,1447852748
02-3958,325.22,279446,1444616857
02-1008,528.04,299442,1428472313
02-5426,82.3,306559,1423397721
02-8369,628.76,172911,1438633274
02-3650,672.62,162067,1427102132
02-6406,261.99,273598,1438751104
02-1491,55.74,342556,1446936634
02-2886,596.22,762922,1423581391
02-7635,396.31,858676,1446080359
02-5078,30.68,666034,1440082533
02-1623,666.36,461283,1441463196
02-9873,475.38,450432,1447017085
02-4784,776.49,192913,1446490916
02-9995,578.74,633956,1434654930
02-3858,780.45,399119,1450630266
02-9830,285.04,300240,1423136598
02-3338,62.9,137306,1421745019
02-4582,225.54,419422,1427063037
02-6002,745.31,439171,1445034353
02-1546,277.72,937032,1445921103
02-6867,302.99,371996,1450163061
02-2336,551.16,613083,1428566399
02-3714,153.69,364195,1450086823
02-4290,388.68,721933,1449816585
02-2959,343.31,826089,1447377220
02-6846,207.86,702550,1450092480
02-6731,659.17,753076,1440574177
02-7351,54.72,355735,1445141739
02-6317,108.86,470692,1441388557
02-5425,425.91,254047,1421382647
02-3428,103.56,912581,1450157864
02-3643,147.02,822591,1449633125
02-9142,559.91,856853,1420337525
02-6925,541.25,963844,1439867875
02-5682,273.64,413815,1445771888
02-3638,361.11,970688,1450226140
02-5247,803.58,218360,1448513818
02-9244,114.61,609152,1435555286
02-4027,200.64,137890,1439326246
02-8271,288.82,188524,1434450275
02-5504,206.27,448749,1427313659
02-3399,607.13,948712,1422084591
02-4160,957.87,451900,1421739942
02-5893,562.05,851598,1420546848
02-5775,320.87,359751,1433644841
02-2034,105.51,961030,1425319040
02-1333,957.56,691716,1448529745
02-6408,244.8,492779,1445977064
02-5373,620.63,374727,1429725235
02-6170,314.48,740830,1439214524
02-3653,252.4,482454,1450737168
02-5050,382.38,739892,1429262797
02-1308,856.53,892680,1444374231
02-5076,727.02,807585,1433714283
02-1268,127.57,728540,1423803850
02-3105,695.76,386100,1422434540
02-9981,433.63,423919,1429378233
02-3521,447.88,494150,1425562170
02-6215,775.25,211897,1436748699
02-1203,387.48,224066,1448933050
02-3938,827.84,694806,1451168401
02-1852,724.38,159749,1446976510
02-2241,636.69,721492,1446782890
02-6520,140.7,704774,1420070951
02-1669,267.32,220354,1436975437
02-3633,791.97,219578,1447931507
02-9666,368.06,635297,1447724163
02-7097,519.23,479741,1421248173
02-3357,718.61,834738,1448040660
02-9983,201.34,621376,1422575638
02-3173,998.88,995166,1424814775
02-3037,427.66,966410,1439974788
02-7163,652.79,270623,1431127519
02-8993,805.96,319819,1423139536
02-6783,326.48,599397,1429293971
02-7525,710.25,526922,1446759718
02-8473,458.62,452816,1437478790
02-3704,255.95,106118,1437003547
02-9542,330.77,390678,1429680616
02-5879,620.22,715657,1435600775
02-1336,881.09,277290,1436793222
02-1127,722.49,240015,1436695350
02-3628,17.86,111941,1435302550
02-9445,189.04,769789,1426927778
02-1771,369.9,190157,1423169046
02-8068,533.22,492809,1425973247
02-6159,524.63,625992,1447447524
02-1749,494.33,288800,1446240750
02-8634,926.16,685335,1450620462
02-2468,323.36,432088,1433145920
02-2579,493.33,894012,1447986947
02-1888,176.61,673677,1434448302
02-8378,589.41,167377,1449565975
02-8275,532.55,480457,1447533927
02-9050,118.74,924812,1424699509
02-4511,802.07,803361,1442831939
02-5117,369.18,945627,1447486219
02-1055,591.04,469607,1438262480
02-9464,904.5,772409,1430840489
02-9521,286.93,721904,1437261916
02-3770,490.92,177535,1445601051
02-4288,495.08,167730,1451499262
02-1819,449.77,690724,1444035269
02-2045,896.68,718266,1431700963
02-8371,837.33,584511,1433090161
02-9413,557.88,848399,1430291912
02-8462,265.76,913624,1433525514
02-8278,845.36,979480,1423298048
02-7132,394.15,390659,1428255550
02-7586,608.54,691254,1440957568
02-2932,579.89,191629,1432003279
02-4802,638.44,527553,1448444212
02-7707,682.24,328483,1434300800
02-8563,360.98,779940,1422720159
02-9513,552.8,507761,1446450469
02-4548,657.54,831813,1429621328
02-9746,651.46,635726,1428071150
02-4108,648.21,527793,1445788369
02-5868,601.32,571787,1423354139
02-8161,905.39,663937,1446758816
02-9004,219.16,571062,1420884599
02-2418,338.8,812630,1424887268
02-8294,983.65,407011,1421515101
02-9271,426.07,166386,1445617070
02-6908,968.16,214572,1433292216
02-9357,561.15,192421,1437319569
02-9260,627.96,177017,1437664843
02-5891,612.59,256618,1444693215
02-9974,707.79,802336,1420960367
02-9038,850.5,813561,1445503996
02-6534,695.72,353662,1448209841
02-4022,809.9,405500,1431509007
02-7534,539.22,385806,1435867363
02-5813,865.86,858072,1443392077
02-7780,452.51,318420,1426810810
02-5809,726.66,850349,1436046613
02-3370,762.6,490716,1423340029
02-8479,154.46,644756,1435077531
02-7634,96.89,534663,1422809363
02-2887,151.31,749006,1429783351
02-6266,584.54,814090,1438684309
02-2967,712.92,631014,1441843590
02-7979,268.83,109919,1425255111
02-8932,804.65,914819,1443342223
02-8191,261.47,316604,1431252495
02-3184,669.73,939954,1434956494
02-6697,793.56,425804,1423173381
02-3185,607.58,151621,1440362563
02-9716,501.03,455881,1435401634
02-7167,347.52,646493,1421232301
02-5308,779.1,906349,1442542508
02-6048,437.47,370722,1448774131
02-5443,258.74,265012,1441416235
02-1731,817.92,597614,1445841858
02-9476,408.73,824332,1450277189
02-7846,823.01,142082,1436703051
02-4534,801.91,386332,1448322902
02-7791,599.19,172171,1434320331
02-9001,864.94,667465,1447343528
02-6984,205.26,901478,1428999830
02-2852,51.42,619848,1445490149
02-1852,762.6,102098,1450213682
02-7352,450.46,298575,1425200590
02-9273,147.33,842176,1451253483
02-6378,235.28,561534,1421317008
02-4842,558.48,208039,1423422735
02-7083,67.22,122019,1447403845
02-4652,396.48,470927,1448066342
02-3099,57.94,656403,1450086060
02-1258,822.83,773066,1444482434