03-8485,580.56,732017,1441420308
03-4835,369.72,880850,1422194932
03-2087,98.55,137814,1421392991
03-4950,421.64,345966,1427746577
03-5971,429.72,282221,1439999760
03-7773,770.93,283931,1430690433
03-1771,317.08,367131,1450687225
03-4136,233.03,184434,1425941419
03-3249,756.18,805834,1437392169
03-7915,143.73,903085,1441959033
03-1739,85.77,206446,1440721903
03-5596,374.28,915247,1444074846
03-8551,535.27,142946,1426339329
03-4489,251.1,444839,1445630418
03-1325,931.7,222324,1424291000
03-5259,840.83,846154,1435345197
03-5339,171.99,647559,1432377358
03-2197,955.82,122016,1432459817
03-6122,258.59,245861,1427218745
03-5622,530,681234,1426065971
03-9632,413.29,907207,1440684224
03-2585,755.87,533228,1436048848
03-9857,919.27,373009,1428239724
03-4277,943.27,309599,1423998821
03-5146,651.33,919878,1444085120
03-6839,82.04,125383,1444357239
03-4686,40.05,733660,1429123287
03-7833,707.7,517547,1429265783
03-3371,578.31,557040,1441480444
03-7029,520.84,316290,1436413759
03-7529,886.72,567776,1449972187
03-6935,716.24,372723,1431909911
03-3591,969.29,731426,1440592207
03-2073,112.09,174735,1425620880
03-9640,619.24,407421,1445493940
03-1521,175.88,324807,1450382976
03-3443,301.68,220596,1445991775
03-8931,25.14,495196,1426292471
03-1864,277.54,591111,1449576400
03-2873,745.59,308984,1444587225
03-6786,637.35,402010,1446195272
03-3394,814.62,148370,1438965537
03-1308,822.57,276458,1451067491
03-6971,735.02,392966,1443087517
03-9773,581.74,966052,1441551217
03-9249,707.47,113955,1434103609
03-8433,678.81,906757,1426697575
03-2387,700.64,630591,1420181092
03-8717,904.72,517466,1430524399
03-1173,921.42,941050,1434720878
03-4971,268.91,137635,1423106849
03-8460,485.16,321689,1423751521
03-4727,67.93,612111,1428217586
03-6268,342.45,508810,1429876543
03-5763,718.13,314205,1443134870
03-6981,940.33,745941,1428510123
03-3772,658.97,317480,1439776709
03-1237,522.06,724757,1447890487
03-8618,312.16,706283,1437170358
03-1582,397.07,705122,1426039458
03-3026,242.76,619126,1448768120
03-4505,241.84,215244,1442759841
03-8707,887.92,293381,1442380400
03-9003,576.05,976613,1435866538
03-8224,175.89,162926,1423552170
03-6412,935.56,866641,1425048112
03-3747,189.64,988177,1450424471
03-7525,531.17,945685,1429753392
03-8088,937.17,595712,1428929911
03-3772,714.78,660102,1421430015
03-6579,503.95,662144,1436029540
03-9159,153.95,483620,1434120623
03-1233,920.3,235562,1431804713
03-1145,11.9,763898,1424198819
03-9337,661.55,356361,1425004931
03-8929,746.97,975781,1421972149
03-2377,420.99,205453,1423804383
03-9950,921.62,379531,1420501730
03-3439,768.78,419231,1447957503
03-4039,815.48,181591,1431038169
03-4767,990.47,396559,1450662542
03-7869,94.14,837673,1427637437
03-1094,144.43,955271,1434413964
03-6628,847.78,239192,1429012733
03-6390,204.95,807199,1422018936
03-5844,304.03,646613,1436997691
03-3024,923.74,306101,1429275724
03-4512,61.5,460097,1443211924
03-3401,31.61,708555,1431981529
03-8461,249.95,999558,1426712230
03-4202,46.27,573875,1432766431
03-8488,65.29,702608,1422213760
03-3095,955.42,213222,1434997035
03-8321,450.29,696519,1436825794
03-7492,811.37,942713,1429717803
03-6985,58.89,986014,1441808914
03-6372,564.9,605367,1427282593
03-4501,749.56,733215,1437253621
03-5447,111.15,698376,1442765608
03-7011,189.13,664493,1450421809
03-3394,50.9,522097,1449594008
03-6306,23.27,527737,1438150444
03-6713,28.92,618845,1432252904
03-9987,388.73,721394,1425122683
03-5414,899.79,686209,1445536252
03-3502,43.03,598292,1448185646
03-2284,554.92,108819,1421501389
03-1330,87.24,675712,1427551184
03-9087,499.32,648857,1446717295
03-6314,928.68,982847,1451297867
03-7089,249.45,634198,1450650457
03-3930,928.38,278424,1430339896
03-8995,142.12,346722,1440853727
03-7452,47.39,421901,1436252646
03-2025,352.2,706668,1450650830
03-3702,416.89,966350,1439560784
03-8928,830.84,600383,1420914259
03-5283,386.46,105512,1421586635
03-1718,248.85,739445,1449626462
03-4522,430.71,769391,1422647458
03-2613,108.95,297373,1432109562
03-6351,828.64,280595,1447721020
03-2887,217.71,297532,1442428198
03-1995,708.57,592893,1426740717
03-3230,386.36,717772,1446082719
03-5702,226.02,487892,1421286620
03-1496,952.22,603257,1434406144
03-1232,332.78,934004,1450715767
03-4135,422.78,831899,1443882873
03-1890,952.62,714698,1427823321
03-6319,58.01,362456,1446155480
03-3805,730.6,995462,1442517221
03-2808,523.62,780072,1429739601
03-5070,173.42,382887,1434911601
03-8279,797.92,916800,1447179500
03-7520,175,637265,1425602356
03-4260,716.37,184545,1421449710
03-8796,808.04,675159,1440005976
03-5745,415.64,659088,1436608478
03-8986,307.2,899711,1442764237
03-3487,93.51,599902,1441604083
03-2055,744.27,220084,1420157526
03-6687,328.13,350925,1426414837
03-3754,460.25,314860,1442586627
03-2894,591.7,979336,1440576457
03-4455,681.82,338422,1434763830
03-8806,728.7,758137,1440628013
03-9461,352.86,270382,1434842596
03-3807,242.05,496108,1445116020
03-6608,104.45,229313,1429366365
03-6032,800.14,805811,1444554307
03-3819,922.21,120708,1437860754
03-6986,833.18,681187,1449048923
03-1222,151.29,442249,1448647178
03-2127,350.38,295631,1430253748
03-9956,636.62,959337,1450394023
03-7272,718.46,618196,1444840569
03-7958,898.91,131933,1436563788
03-1228,843.62,397794,1439609026
03-8624,357.39,682784,1425520162
03-7009,936.17,241058,1449894677
03-8057,246.97,248067,1439879687
03-9584,485.35,909292,1449515737
03-8816,698.71,515662,1438899677
03-8883,445.15,323519,1439179174
03-9724,349.55,957978,1448238343
03-7139,546.47,407337,1421246629
03-9027,709.41,574833,1445487602
03-4457,273.35,865993,1422535827
03-1415,372.17,865562,1437333098
03-6039,742.58,171803,1447760450
03-7484,454.3,850060,1436946710
03-8105,315.82,307282,1425071661
03-7224,893.09,792160,1435644950
03-3157,354.33,841252,1421152197
03-4777,113.62,998492,1431703365
03-7489,248.83,121777,1424486754
03-4815,262.09,880294,1420333122
03-7177,139.52,621527,1423295298
03-3308,402.42,854443,1439384586
03-3710,446.6,769485,1436960895
03-1969,101.13,775389,1435185454
03-3334,450.55,353038,1427124950
03-7042,559.72,661719,1435860739
03-2495,352.99,562109,1448317533
03-7195,75.29,498250,1429527717
03-6049,647.47,463237,1447010729
03-2356,98.2,386229,1436686867
03-9425,639.71,978082,1432174476
03-3944,125.81,466776,1424794579
03-8030,376.75,179385,1449175417
03-9016,576.33,360492,1443952931
03-2270,383.72,457882,1440022515
03-8857,400.66,300529,1426423251
03-9250,532.95,904273,1431949808
03-9667,812.8,303823,1442827072
03-9669,681.4,752210,1438058421
03-3501,850.36,594837,1437328108
03-9280,685.98,304893,1426523766
03-9867,494.91,149806,1446281139