04-4793,818.04,126538,1421001979
04-4117,777.41,878329,1424165471
04-5160,965.94,731152,1450364545
04-4543,652.93,926398,1449594290
04-1175,10.53,942607,1421836131
04-9034,118.52,399938,1420612359
04-4360,863.7,559510,1422990195
04-6976,979.18,404128,1444561107
04-5064,234.38,707051,1442376350
04-6903,217.77,371611,1425026527
04-2002,532.54,772862,1433571583
04-7231,252.76,558086,1427021810
04-9811,823.49,319569,1446161610
04-8450,108.55,124757,1451492006
04-3313,569.97,613619,1434298132
04-3733,496.62,128915,1441677865
04-7919,169.5,587738,1442778707
04-1882,432.82,501379,1426296028
04-9293,92.31,837418,1429326465
04-5828,545.71,728369,1430656631
04-7834,889.25,469023,1442553745
04-1078,863.76,528493,1449761156
04-8210,63.11,276725,1445130764
04-7832,321.34,778804,1433878633
04-8110,702.52,889776,1422075484
04-4703,619.71,263468,1430359450
04-5838,106.32,570911,1450642090
04-7053,62.66,314134,1428411141
04-2618,421.4,847538,1448163166
04-9334,85.62,309262,1432109159
04-2119,378.74,135962,1424430822
04-5704,111.94,750056,1431998469
04-2259,845.87,981593,1429410258
04-7509,350.96,522411,1442207829
04-3700,578.84,881708,1442436204
04-4331,617.31,107995,1427030129
04-9485,311.22,774585,1425999014
04-4100,38.65,458623,1448699742
04-4129,61.57,183448,1444082689
04-3488,335.72,587890,1451390876
04-1727,437.31,431039,1445563800
04-6028,341.94,117012,1425701844
04-9330,568.5,660840,1445294953
04-5527,666.99,560887,1438156260
04-3811,481.68,434470,1425988357
04-6417,212.66,558878,1427584131
04-2448,415.23,618028,1445573129
04-4171,958.8,511197,1447646728
04-4759,231.25,711921,1433092859
04-8760,889.68,481287,1448509615
04-6799,811.28,847227,1443801685
04-2099,287.86,178856,1420681404
04-5819,363.29,744483,1420270337
04-5126,433.86,348764,1444640595
04-6981,491.68,649875,1450060568
04-5321,112.04,445656,1440364865
04-5340,771.26,614127,1447413024
04-8185,835.68,581324,1449066650
04-3473,792.69,469150,1421989957
04-2072,238.57,398866,1425579897
04-4233,338.87,147927,1445503968
04-4059,163.33,229183,1422338196
04-7994,356.88,605754,1425274540
04-5839,645.32,548278,1424123973
04-1318,448.42,239771,1445222967
04-6019,78.41,419120,1421977537
04-1917,613.73,103755,1424688199
04-8746,47.77,415619,1450039921
04-7579,809.4,219570,1432690758
04-5524,87.73,708865,1437874376
04-6629,436.06,457696,1450162647
04-7315,263.39,696966,1432276337
04-2975,947.61,636289,1440323011
04-3757,500.32,827345,1443169659
04-8037,937.76,158145,1421961809
04-6129,764.53,354736,1429257269
04-1671,100.89,976137,1426993517
04-6041,435.1,281522,1431164199
04-1885,175.84,283890,1435393740
04-5032,275.92,918686,1435482792
04-5969,925.01,534236,1428253387
04-1653,230.53,204385,1435387899
04-3535,620.41,602347,1440867067
04-4154,291.12,835644,1436077354
04-6052,216.03,457017,1446489987
04-4287,240.63,115816,1431093211
04-7319,887.19,561990,1427648434
04-7374,256.31,162677,1439762445
04-1894,891.69,523425,1433124990
04-9321,710.48,488286,1448562997
04-8366,537.37,344535,1423858913
04-9810,864.35,719802,1436181750
04-1688,766.59,135900,1443586800
04-7001,739.43,450857,1448810524
04-6433,930.44,336436,1448353359
04-4252,823.59,468767,1441765208
04-3041,61.67,239185,1443550622
04-4424,310.26,878653,1426662988
04-2391,959.43,252742,1438129702
04-5146,521.51,655777,1444083223
04-7130,217.16,110421,1425408913
04-4469,83.17,310371,1449889179
04-7905,61.97,878920,1434633115
04-2878,979.83,114249,1423728798
04-1942,82.31,419707,1439477561
04-6457,892.78,839124,1443620475
04-1114,350.62,766343,1425609797
04-9001,837.16,577171,1444015979
04-8038,877.54,108184,1421033969
04-9283,298.61,844513,1443214233
04-7444,983.03,383997,1425641879
04-8520,117.33,564506,1439770242
04-1923,94.4,637006,1421031640
04-2859,37.09,994343,1430055687
04-2417,705.79,493935,1423766849
04-1226,301.3,923938,1422945072
04-1841,603.06,101121,1448846974
04-3387,609.78,329726,1425695938
04-9250,228.19,974940,1444154699
04-9316,315.06,919383,1434735309
04-1562,282.3,129173,1450688210
04-5874,965.22,937747,1432748959
04-1961,727.77,451379,1450598322
04-6095,531.48,174578,1434334435
04-8948,730.41,391422,1437675159
04-9044,76.33,438650,1444927426
04-7025,131.2,347521,1421535913
04-9185,151.01,226220,1421534022
04-5997,866.98,135023,1439616673
04-1351,44.45,800716,1434384392
04-8958,123.74,967610,1428546691
04-3149,163.01,689288,1434413314
04-9074,193.05,923320,1439069205
04-8149,865.68,301429,1444484484
04-9297,191.37,538099,1446758617
04-7862,628.55,242696,1431436065
04-7173,575.01,797368,1449411683
04-7608,66.43,964665,1445885011
04-1122,666.7,468958,1438906303
04-4204,995.78,342122,1429574187
04-3958,847.33,160583,1423387716
04-7025,180.95,723084,1431910873
04-4537,205.52,165802,1431374728
04-2304,958.73,220910,1438539884
04-3781,527.91,648258,1446526764
04-9610,862.83,667321,1429284291
04-2172,339.62,276166,1425554222
04-5433,964.74,689937,1439438417
04-8146,62,128074,1444561906
04-9088,594.44,231197,1434888324
04-2693,930.22,903632,1443842419
04-3835,30.96,506968,1429153404
04-1848,805.41,196441,1447384234
04-5696,222.45,407203,1439022292
04-4104,738.36,412187,1439671496
04-9671,646.15,365363,1430536921
04-9142,459.6,427922,1447201221
04-1907,99,141807,1429877384
04-7963,45.19,534269,1449415762
04-5135,635.5,728130,1427770434
04-9027,192.6,390725,1431054409
04-3031,888.33,967135,1425154358
04-9422,208.28,233320,1436714614
04-7941,65.09,246779,1433635721
04-6013,328.75,916690,1424967303
04-7324,946.34,615807,1428267034
04-6549,765.39,247385,1427372119
04-8019,668.29,575397,1431821870
04-5595,683.18,790197,1436403013
04-6039,814.66,495824,1447602728
04-6552,316.33,594757,1421870588
04-4147,611.8,890423,1424484356
04-7168,571.53,386497,1438970109
04-4412,67.67,798809,1442394342
04-6116,80.82,187775,1438074881
04-1014,471.68,724882,1420526683
04-3543,594.86,616334,1430065982
04-9347,701.81,735618,1421251890
04-8850,808.19,229403,1429584323
04-2405,836.28,214343,1445164541
04-5912,374.96,690220,1443705457
04-5356,371.33,225075,1447547386
04-1759,791.32,804785,1434320091
04-7774,279.13,799285,1446296730
04-7932,308.48,288271,1439222349
04-6436,598.93,704096,1435322393
04-8731,961.33,630248,1428874272
04-8870,306.53,907048,1423385539
04-6091,157.1,132427,1420189160
04-3038,534.57,439827,1446767468
04-6771,729.8,573754,1423459913
04-1927,418.86,174343,1440976008
04-1250,626.51,549498,1447944921
04-3318,832.01,742632,1437065822
04-2995,668.35,736522,1444544917
04-1458,145.38,744196,1441653213
04-1423,678.75,487276,1434693964
04-4561,143.74,677013,1446243991
04-9784,314.72,395272,1423838606
04-7304,515.44,708830,1450550680